0 5
0 33
0 130
0 155
0 193
0 206
0 211
0 272
0 292
0 338
0 378
0 434
0 457
0 473
0 531
0 558
0 612
0 683
0 687
0 719
0 798
0 830
0 834
0 868
0 981
0 998
0 1061
0 1063
0 1116
0 1167
0 1195
0 1206
0 1261
0 1275
0 1296
0 1366
0 1383
0 1388
0 1555
0 1579
0 1596
0 1608
0 1647
0 1658
0 1673
0 1690
0 1712
0 1716
0 1723
0 1767
0 1777
0 1792
0 1797
0 1850
5 33
5 130
5 155
5 193
5 206
5 211
5 272
5 292
5 338
5 378
5 434
5 457
5 473
5 531
5 558
5 612
5 683
5 687
5 719
5 798
5 830
5 834
5 868
5 981
5 998
5 1061
5 1063
5 1116
5 1167
5 1195
5 1206
5 1261
5 1275
5 1296
5 1366
5 1383
5 1388
5 1555
5 1579
5 1596
5 1608
5 1647
5 1658
5 1673
5 1690
5 1712
5 1716
5 1723
5 1767
5 1777
5 1792
5 1797
5 1850
33 130
33 155
33 193
33 206
33 211
33 272
33 292
33 338
33 378
33 434
33 457
33 473
33 531
33 558
33 612
33 683
33 687
33 719
33 798
33 830
33 834
33 868
33 981
33 998
33 1061
33 1063
33 1116
33 1167
33 1195
33 1206
33 1261
33 1275
33 1296
33 1366
33 1383
33 1388
33 1555
33 1579
33 1596
33 1608
33 1647
33 1658
33 1673
33 1690
33 1712
33 1716
33 1723
33 1767
33 1777
33 1792
33 1797
33 1850
130 155
130 193
130 206
130 211
130 272
130 292
130 338
130 378
130 434
130 457
130 473
130 531
130 558
130 612
130 683
130 687
130 719
130 798
130 830
130 834
130 868
130 981
130 998
130 1061
130 1063
130 1116
130 1167
130 1195
130 1206
130 1261
130 1275
130 1296
130 1366
130 1383
130 1388
130 1555
130 1579
130 1596
130 1608
130 1647
130 1658
130 1673
130 1690
130 1712
130 1716
130 1723
130 1767
130 1777
130 1792
130 1797
130 1850
155 193
155 206
155 211
155 272
155 292
155 338
155 378
155 434
155 457
155 473
155 531
155 558
155 612
155 683
155 687
155 719
155 798
155 830
155 834
155 868
155 981
155 998
155 1061
155 1063
155 1116
155 1167
155 1195
155 1206
155 1261
155 1275
155 1296
155 1366
155 1383
155 1388
155 1555
155 1579
155 1596
155 1608
155 1647
155 1658
155 1673
155 1690
155 1712
155 1716
155 1723
155 1767
155 1777
155 1792
155 1797
155 1850
193 206
193 211
193 272
193 292
193 338
193 378
193 434
193 457
193 473
193 531
193 558
193 612
193 683
193 687
193 719
193 798
193 830
193 834
193 868
193 981
193 998
193 1061
193 1063
193 1116
193 1167
193 1195
193 1206
193 1261
193 1275
193 1296
193 1366
193 1383
193 1388
193 1555
193 1579
193 1596
193 1608
193 1647
193 1658
193 1673
193 1690
193 1712
193 1716
193 1723
193 1767
193 1777
193 1792
193 1797
193 1850
206 211
206 272
206 292
206 338
206 378
206 434
206 457
206 473
206 531
206 558
206 612
206 683
206 687
206 719
206 798
206 830
206 834
206 868
206 981
206 998
206 1061
206 1063
206 1116
206 1167
206 1195
206 1206
206 1261
206 1275
206 1296
206 1366
206 1383
206 1388
206 1555
206 1579
206 1596
206 1608
206 1647
206 1658
206 1673
206 1690
206 1712
206 1716
206 1723
206 1767
206 1777
206 1792
206 1797
206 1850
211 272
211 292
211 338
211 378
211 434
211 457
211 473
211 531
211 558
211 612
211 683
211 687
211 719
211 798
211 830
211 834
211 868
211 981
211 998
211 1061
211 1063
211 1116
211 1167
211 1195
211 1206
211 1261
211 1275
211 1296
211 1366
211 1383
211 1388
211 1555
211 1579
211 1596
211 1608
211 1647
211 1658
211 1673
211 1690
211 1712
211 1716
211 1723
211 1767
211 1777
211 1792
211 1797
211 1850
272 292
272 338
272 378
272 434
272 457
272 473
272 531
272 558
272 612
272 683
272 687
272 719
272 798
272 830
272 834
272 868
272 981
272 998
272 1061
272 1063
272 1116
272 1167
272 1195
272 1206
272 1261
272 1275
272 1296
272 1366
272 1383
272 1388
272 1555
272 1579
272 1596
272 1608
272 1647
272 1658
272 1673
272 1690
272 1712
272 1716
272 1723
272 1767
272 1777
272 1792
272 1797
272 1850
292 338
292 378
292 434
292 457
292 473
292 531
292 558
292 612
292 683
292 687
292 719
292 798
292 830
292 834
292 868
292 981
292 998
292 1061
292 1063
292 1116
292 1167
292 1195
292 1206
292 1261
292 1275
292 1296
292 1366
292 1383
292 1388
292 1555
292 1579
292 1596
292 1608
292 1647
292 1658
292 1673
292 1690
292 1712
292 1716
292 1723
292 1767
292 1777
292 1792
292 1797
292 1850
338 378
338 434
338 457
338 473
338 531
338 558
338 612
338 683
338 687
338 719
338 798
338 830
338 834
338 868
338 981
338 998
338 1061
338 1063
338 1116
338 1167
338 1195
338 1206
338 1261
338 1275
338 1296
338 1366
338 1383
338 1388
338 1555
338 1579
338 1596
338 1608
338 1647
338 1658
338 1673
338 1690
338 1712
338 1716
338 1723
338 1767
338 1777
338 1792
338 1797
338 1850
378 434
378 457
378 473
378 531
378 558
378 612
378 683
378 687
378 719
378 798
378 830
378 834
378 868
378 981
378 998
378 1061
378 1063
378 1116
378 1167
378 1195
378 1206
378 1261
378 1275
378 1296
378 1366
378 1383
378 1388
378 1555
378 1579
378 1596
378 1608
378 1647
378 1658
378 1673
378 1690
378 1712
378 1716
378 1723
378 1767
378 1777
378 1792
378 1797
378 1850
434 457
434 473
434 531
434 558
434 612
434 683
434 687
434 719
434 798
434 830
434 834
434 868
434 981
434 998
434 1061
434 1063
434 1116
434 1167
434 1195
434 1206
434 1261
434 1275
434 1296
434 1366
434 1383
434 1388
434 1555
434 1579
434 1596
434 1608
434 1647
434 1658
434 1673
434 1690
434 1712
434 1716
434 1723
434 1767
434 1777
434 1792
434 1797
434 1850
457 473
457 531
457 558
457 612
457 683
457 687
457 719
457 798
457 830
457 834
457 868
457 981
457 998
457 1061
457 1063
457 1116
457 1167
457 1195
457 1206
457 1261
457 1275
457 1296
457 1366
457 1383
457 1388
457 1555
457 1579
457 1596
457 1608
457 1647
457 1658
457 1673
457 1690
457 1712
457 1716
457 1723
457 1767
457 1777
457 1792
457 1797
457 1850
473 531
473 558
473 612
473 683
473 687
473 719
473 798
473 830
473 834
473 868
473 981
473 998
473 1061
473 1063
473 1116
473 1167
473 1195
473 1206
473 1261
473 1275
473 1296
473 1366
473 1383
473 1388
473 1555
473 1579
473 1596
473 1608
473 1647
473 1658
473 1673
473 1690
473 1712
473 1716
473 1723
473 1767
473 1777
473 1792
473 1797
473 1850
531 558
531 612
531 683
531 687
531 719
531 798
531 830
531 834
531 868
531 981
531 998
531 1061
531 1063
531 1116
531 1167
531 1195
531 1206
531 1261
531 1275
531 1296
531 1366
531 1383
531 1388
531 1555
531 1579
531 1596
531 1608
531 1647
531 1658
531 1673
531 1690
531 1712
531 1716
531 1723
531 1767
531 1777
531 1792
531 1797
531 1850
558 612
558 683
558 687
558 719
558 798
558 830
558 834
558 868
558 981
558 998
558 1061
558 1063
558 1116
558 1167
558 1195
558 1206
558 1261
558 1275
558 1296
558 1366
558 1383
558 1388
558 1555
558 1579
558 1596
558 1608
558 1647
558 1658
558 1673
558 1690
558 1712
558 1716
558 1723
558 1767
558 1777
558 1792
558 1797
558 1850
612 683
612 687
612 719
612 798
612 830
612 834
612 868
612 981
612 998
612 1061
612 1063
612 1116
612 1167
612 1195
612 1206
612 1261
612 1275
612 1296
612 1366
612 1383
612 1388
612 1555
612 1579
612 1596
612 1608
612 1647
612 1658
612 1673
612 1690
612 1712
612 1716
612 1723
612 1767
612 1777
612 1792
612 1797
612 1850
683 687
683 719
683 798
683 830
683 834
683 868
683 981
683 998
683 1061
683 1063
683 1116
683 1167
683 1195
683 1206
683 1261
683 1275
683 1296
683 1366
683 1383
683 1388
683 1555
683 1579
683 1596
683 1608
683 1647
683 1658
683 1673
683 1690
683 1712
683 1716
683 1723
683 1767
683 1777
683 1792
683 1797
683 1850
687 719
687 798
687 830
687 834
687 868
687 981
687 998
687 1061
687 1063
687 1116
687 1167
687 1195
687 1206
687 1261
687 1275
687 1296
687 1366
687 1383
687 1388
687 1555
687 1579
687 1596
687 1608
687 1647
687 1658
687 1673
687 1690
687 1712
687 1716
687 1723
687 1767
687 1777
687 1792
687 1797
687 1850
719 798
719 830
719 834
719 868
719 981
719 998
719 1061
719 1063
719 1116
719 1167
719 1195
719 1206
719 1261
719 1275
719 1296
719 1366
719 1383
719 1388
719 1555
719 1579
719 1596
719 1608
719 1647
719 1658
719 1673
719 1690
719 1712
719 1716
719 1723
719 1767
719 1777
719 1792
719 1797
719 1850
798 830
798 834
798 868
798 981
798 998
798 1061
798 1063
798 1116
798 1167
798 1195
798 1206
798 1261
798 1275
798 1296
798 1366
798 1383
798 1388
798 1555
798 1579
798 1596
798 1608
798 1647
798 1658
798 1673
798 1690
798 1712
798 1716
798 1723
798 1767
798 1777
798 1792
798 1797
798 1850
830 834
830 868
830 981
830 998
830 1061
830 1063
830 1116
830 1167
830 1195
830 1206
830 1261
830 1275
830 1296
830 1366
830 1383
830 1388
830 1555
830 1579
830 1596
830 1608
830 1647
830 1658
830 1673
830 1690
830 1712
830 1716
830 1723
830 1767
830 1777
830 1792
830 1797
830 1850
834 868
834 981
834 998
834 1061
834 1063
834 1116
834 1167
834 1195
834 1206
834 1261
834 1275
834 1296
834 1366
834 1383
834 1388
834 1555
834 1579
834 1596
834 1608
834 1647
834 1658
834 1673
834 1690
834 1712
834 1716
834 1723
834 1767
834 1777
834 1792
834 1797
834 1850
868 981
868 998
868 1061
868 1063
868 1116
868 1167
868 1195
868 1206
868 1261
868 1275
868 1296
868 1366
868 1383
868 1388
868 1555
868 1579
868 1596
868 1608
868 1647
868 1658
868 1673
868 1690
868 1712
868 1716
868 1723
868 1767
868 1777
868 1792
868 1797
868 1850
981 998
981 1061
981 1063
981 1116
981 1167
981 1195
981 1206
981 1261
981 1275
981 1296
981 1366
981 1383
981 1388
981 1555
981 1579
981 1596
981 1608
981 1647
981 1658
981 1673
981 1690
981 1712
981 1716
981 1723
981 1767
981 1777
981 1792
981 1797
981 1850
998 1061
998 1063
998 1116
998 1167
998 1195
998 1206
998 1261
998 1275
998 1296
998 1366
998 1383
998 1388
998 1555
998 1579
998 1596
998 1608
998 1647
998 1658
998 1673
998 1690
998 1712
998 1716
998 1723
998 1767
998 1777
998 1792
998 1797
998 1850
1061 1063
1061 1116
1061 1167
1061 1195
1061 1206
1061 1261
1061 1275
1061 1296
1061 1366
1061 1383
1061 1388
1061 1555
1061 1579
1061 1596
1061 1608
1061 1647
1061 1658
1061 1673
1061 1690
1061 1712
1061 1716
1061 1723
1061 1767
1061 1777
1061 1792
1061 1797
1061 1850
1063 1116
1063 1167
1063 1195
1063 1206
1063 1261
1063 1275
1063 1296
1063 1366
1063 1383
1063 1388
1063 1555
1063 1579
1063 1596
1063 1608
1063 1647
1063 1658
1063 1673
1063 1690
1063 1712
1063 1716
1063 1723
1063 1767
1063 1777
1063 1792
1063 1797
1063 1850
1116 1167
1116 1195
1116 1206
1116 1261
1116 1275
1116 1296
1116 1366
1116 1383
1116 1388
1116 1555
1116 1579
1116 1596
1116 1608
1116 1647
1116 1658
1116 1673
1116 1690
1116 1712
1116 1716
1116 1723
1116 1767
1116 1777
1116 1792
1116 1797
1116 1850
1167 1195
1167 1206
1167 1261
1167 1275
1167 1296
1167 1366
1167 1383
1167 1388
1167 1555
1167 1579
1167 1596
1167 1608
1167 1647
1167 1658
1167 1673
1167 1690
1167 1712
1167 1716
1167 1723
1167 1767
1167 1777
1167 1792
1167 1797
1167 1850
1195 1206
1195 1261
1195 1275
1195 1296
1195 1366
1195 1383
1195 1388
1195 1555
1195 1579
1195 1596
1195 1608
1195 1647
1195 1658
1195 1673
1195 1690
1195 1712
1195 1716
1195 1723
1195 1767
1195 1777
1195 1792
1195 1797
1195 1850
1206 1261
1206 1275
1206 1296
1206 1366
1206 1383
1206 1388
1206 1555
1206 1579
1206 1596
1206 1608
1206 1647
1206 1658
1206 1673
1206 1690
1206 1712
1206 1716
1206 1723
1206 1767
1206 1777
1206 1792
1206 1797
1206 1850
1261 1275
1261 1296
1261 1366
1261 1383
1261 1388
1261 1555
1261 1579
1261 1596
1261 1608
1261 1647
1261 1658
1261 1673
1261 1690
1261 1712
1261 1716
1261 1723
1261 1767
1261 1777
1261 1792
1261 1797
1261 1850
1275 1296
1275 1366
1275 1383
1275 1388
1275 1555
1275 1579
1275 1596
1275 1608
1275 1647
1275 1658
1275 1673
1275 1690
1275 1712
1275 1716
1275 1723
1275 1767
1275 1777
1275 1792
1275 1797
1275 1850
1296 1366
1296 1383
1296 1388
1296 1555
1296 1579
1296 1596
1296 1608
1296 1647
1296 1658
1296 1673
1296 1690
1296 1712
1296 1716
1296 1723
1296 1767
1296 1777
1296 1792
1296 1797
1296 1850
1366 1383
1366 1388
1366 1555
1366 1579
1366 1596
1366 1608
1366 1647
1366 1658
1366 1673
1366 1690
1366 1712
1366 1716
1366 1723
1366 1767
1366 1777
1366 1792
1366 1797
1366 1850
1383 1388
1383 1555
1383 1579
1383 1596
1383 1608
1383 1647
1383 1658
1383 1673
1383 1690
1383 1712
1383 1716
1383 1723
1383 1767
1383 1777
1383 1792
1383 1797
1383 1850
1388 1555
1388 1579
1388 1596
1388 1608
1388 1647
1388 1658
1388 1673
1388 1690
1388 1712
1388 1716
1388 1723
1388 1767
1388 1777
1388 1792
1388 1797
1388 1850
1555 1579
1555 1596
1555 1608
1555 1647
1555 1658
1555 1673
1555 1690
1555 1712
1555 1716
1555 1723
1555 1767
1555 1777
1555 1792
1555 1797
1555 1850
1579 1596
1579 1608
1579 1647
1579 1658
1579 1673
1579 1690
1579 1712
1579 1716
1579 1723
1579 1767
1579 1777
1579 1792
1579 1797
1579 1850
1596 1608
1596 1647
1596 1658
1596 1673
1596 1690
1596 1712
1596 1716
1596 1723
1596 1767
1596 1777
1596 1792
1596 1797
1596 1850
1608 1647
1608 1658
1608 1673
1608 1690
1608 1712
1608 1716
1608 1723
1608 1767
1608 1777
1608 1792
1608 1797
1608 1850
1647 1658
1647 1673
1647 1690
1647 1712
1647 1716
1647 1723
1647 1767
1647 1777
1647 1792
1647 1797
1647 1850
1658 1673
1658 1690
1658 1712
1658 1716
1658 1723
1658 1767
1658 1777
1658 1792
1658 1797
1658 1850
1673 1690
1673 1712
1673 1716
1673 1723
1673 1767
1673 1777
1673 1792
1673 1797
1673 1850
1690 1712
1690 1716
1690 1723
1690 1767
1690 1777
1690 1792
1690 1797
1690 1850
1712 1716
1712 1723
1712 1767
1712 1777
1712 1792
1712 1797
1712 1850
1716 1723
1716 1767
1716 1777
1716 1792
1716 1797
1716 1850
1723 1767
1723 1777
1723 1792
1723 1797
1723 1850
1767 1777
1767 1792
1767 1797
1767 1850
1777 1792
1777 1797
1777 1850
1792 1797
1792 1850
1797 1850
