5 57
5 60
5 69
5 73
5 89
5 92
5 104
5 132
5 191
5 192
5 211
5 226
5 239
5 243
5 292
5 312
5 343
5 378
5 450
5 457
5 458
5 459
5 461
5 473
5 495
5 531
5 612
5 645
5 683
5 687
5 699
5 719
5 761
5 799
5 821
5 834
5 840
5 868
5 869
5 874
5 896
5 901
5 934
5 957
5 961
5 967
5 981
5 998
5 1011
5 1063
5 1065
5 1101
5 1105
5 1116
5 1134
5 1159
5 1167
5 1195
5 1233
5 1248
5 1261
5 1275
5 1339
5 1346
5 1357
5 1366
5 1369
5 1381
5 1428
5 1447
5 1522
5 1524
5 1526
5 1596
5 1600
5 1642
5 1666
5 1673
5 1723
5 1743
5 1767
5 1777
5 1792
5 1797
57 60
57 69
57 73
57 89
57 92
57 104
57 132
57 191
57 192
57 211
57 226
57 239
57 243
57 292
57 312
57 343
57 378
57 450
57 457
57 458
57 459
57 461
57 473
57 495
57 531
57 612
57 645
57 683
57 687
57 699
57 719
57 761
57 799
57 821
57 834
57 840
57 868
57 869
57 874
57 896
57 901
57 934
57 957
57 961
57 967
57 981
57 998
57 1011
57 1063
57 1065
57 1101
57 1105
57 1116
57 1134
57 1159
57 1167
57 1195
57 1233
57 1248
57 1261
57 1275
57 1339
57 1346
57 1357
57 1366
57 1369
57 1381
57 1428
57 1447
57 1522
57 1524
57 1526
57 1596
57 1600
57 1642
57 1666
57 1673
57 1723
57 1743
57 1767
57 1777
57 1792
57 1797
60 69
60 73
60 89
60 92
60 104
60 132
60 191
60 192
60 211
60 226
60 239
60 243
60 292
60 312
60 343
60 378
60 450
60 457
60 458
60 459
60 461
60 473
60 495
60 531
60 612
60 645
60 683
60 687
60 699
60 719
60 761
60 799
60 821
60 834
60 840
60 868
60 869
60 874
60 896
60 901
60 934
60 957
60 961
60 967
60 981
60 998
60 1011
60 1063
60 1065
60 1101
60 1105
60 1116
60 1134
60 1159
60 1167
60 1195
60 1233
60 1248
60 1261
60 1275
60 1339
60 1346
60 1357
60 1366
60 1369
60 1381
60 1428
60 1447
60 1522
60 1524
60 1526
60 1596
60 1600
60 1642
60 1666
60 1673
60 1723
60 1743
60 1767
60 1777
60 1792
60 1797
69 73
69 89
69 92
69 104
69 132
69 191
69 192
69 211
69 226
69 239
69 243
69 292
69 312
69 343
69 378
69 450
69 457
69 458
69 459
69 461
69 473
69 495
69 531
69 612
69 645
69 683
69 687
69 699
69 719
69 761
69 799
69 821
69 834
69 840
69 868
69 869
69 874
69 896
69 901
69 934
69 957
69 961
69 967
69 981
69 998
69 1011
69 1063
69 1065
69 1101
69 1105
69 1116
69 1134
69 1159
69 1167
69 1195
69 1233
69 1248
69 1261
69 1275
69 1339
69 1346
69 1357
69 1366
69 1369
69 1381
69 1428
69 1447
69 1522
69 1524
69 1526
69 1596
69 1600
69 1642
69 1666
69 1673
69 1723
69 1743
69 1767
69 1777
69 1792
69 1797
73 89
73 92
73 104
73 132
73 191
73 192
73 211
73 226
73 239
73 243
73 292
73 312
73 343
73 378
73 450
73 457
73 458
73 459
73 461
73 473
73 495
73 531
73 612
73 645
73 683
73 687
73 699
73 719
73 761
73 799
73 821
73 834
73 840
73 868
73 869
73 874
73 896
73 901
73 934
73 957
73 961
73 967
73 981
73 998
73 1011
73 1063
73 1065
73 1101
73 1105
73 1116
73 1134
73 1159
73 1167
73 1195
73 1233
73 1248
73 1261
73 1275
73 1339
73 1346
73 1357
73 1366
73 1369
73 1381
73 1428
73 1447
73 1522
73 1524
73 1526
73 1596
73 1600
73 1642
73 1666
73 1673
73 1723
73 1743
73 1767
73 1777
73 1792
73 1797
89 92
89 104
89 132
89 191
89 192
89 211
89 226
89 239
89 243
89 292
89 312
89 343
89 378
89 450
89 457
89 458
89 459
89 461
89 473
89 495
89 531
89 612
89 645
89 683
89 687
89 699
89 719
89 761
89 799
89 821
89 834
89 840
89 868
89 869
89 874
89 896
89 901
89 934
89 957
89 961
89 967
89 981
89 998
89 1011
89 1063
89 1065
89 1101
89 1105
89 1116
89 1134
89 1159
89 1167
89 1195
89 1233
89 1248
89 1261
89 1275
89 1339
89 1346
89 1357
89 1366
89 1369
89 1381
89 1428
89 1447
89 1522
89 1524
89 1526
89 1596
89 1600
89 1642
89 1666
89 1673
89 1723
89 1743
89 1767
89 1777
89 1792
89 1797
92 104
92 132
92 191
92 192
92 211
92 226
92 239
92 243
92 292
92 312
92 343
92 378
92 450
92 457
92 458
92 459
92 461
92 473
92 495
92 531
92 612
92 645
92 683
92 687
92 699
92 719
92 761
92 799
92 821
92 834
92 840
92 868
92 869
92 874
92 896
92 901
92 934
92 957
92 961
92 967
92 981
92 998
92 1011
92 1063
92 1065
92 1101
92 1105
92 1116
92 1134
92 1159
92 1167
92 1195
92 1233
92 1248
92 1261
92 1275
92 1339
92 1346
92 1357
92 1366
92 1369
92 1381
92 1428
92 1447
92 1522
92 1524
92 1526
92 1596
92 1600
92 1642
92 1666
92 1673
92 1723
92 1743
92 1767
92 1777
92 1792
92 1797
104 132
104 191
104 192
104 211
104 226
104 239
104 243
104 292
104 312
104 343
104 378
104 450
104 457
104 458
104 459
104 461
104 473
104 495
104 531
104 612
104 645
104 683
104 687
104 699
104 719
104 761
104 799
104 821
104 834
104 840
104 868
104 869
104 874
104 896
104 901
104 934
104 957
104 961
104 967
104 981
104 998
104 1011
104 1063
104 1065
104 1101
104 1105
104 1116
104 1134
104 1159
104 1167
104 1195
104 1233
104 1248
104 1261
104 1275
104 1339
104 1346
104 1357
104 1366
104 1369
104 1381
104 1428
104 1447
104 1522
104 1524
104 1526
104 1596
104 1600
104 1642
104 1666
104 1673
104 1723
104 1743
104 1767
104 1777
104 1792
104 1797
132 191
132 192
132 211
132 226
132 239
132 243
132 292
132 312
132 343
132 378
132 450
132 457
132 458
132 459
132 461
132 473
132 495
132 531
132 612
132 645
132 683
132 687
132 699
132 719
132 761
132 799
132 821
132 834
132 840
132 868
132 869
132 874
132 896
132 901
132 934
132 957
132 961
132 967
132 981
132 998
132 1011
132 1063
132 1065
132 1101
132 1105
132 1116
132 1134
132 1159
132 1167
132 1195
132 1233
132 1248
132 1261
132 1275
132 1339
132 1346
132 1357
132 1366
132 1369
132 1381
132 1428
132 1447
132 1522
132 1524
132 1526
132 1596
132 1600
132 1642
132 1666
132 1673
132 1723
132 1743
132 1767
132 1777
132 1792
132 1797
191 192
191 211
191 226
191 239
191 243
191 292
191 312
191 343
191 378
191 450
191 457
191 458
191 459
191 461
191 473
191 495
191 531
191 612
191 645
191 683
191 687
191 699
191 719
191 761
191 799
191 821
191 834
191 840
191 868
191 869
191 874
191 896
191 901
191 934
191 957
191 961
191 967
191 981
191 998
191 1011
191 1063
191 1065
191 1101
191 1105
191 1116
191 1134
191 1159
191 1167
191 1195
191 1233
191 1248
191 1261
191 1275
191 1339
191 1346
191 1357
191 1366
191 1369
191 1381
191 1428
191 1447
191 1522
191 1524
191 1526
191 1596
191 1600
191 1642
191 1666
191 1673
191 1723
191 1743
191 1767
191 1777
191 1792
191 1797
192 211
192 226
192 239
192 243
192 292
192 312
192 343
192 378
192 450
192 457
192 458
192 459
192 461
192 473
192 495
192 531
192 612
192 645
192 683
192 687
192 699
192 719
192 761
192 799
192 821
192 834
192 840
192 868
192 869
192 874
192 896
192 901
192 934
192 957
192 961
192 967
192 981
192 998
192 1011
192 1063
192 1065
192 1101
192 1105
192 1116
192 1134
192 1159
192 1167
192 1195
192 1233
192 1248
192 1261
192 1275
192 1339
192 1346
192 1357
192 1366
192 1369
192 1381
192 1428
192 1447
192 1522
192 1524
192 1526
192 1596
192 1600
192 1642
192 1666
192 1673
192 1723
192 1743
192 1767
192 1777
192 1792
192 1797
211 226
211 239
211 243
211 292
211 312
211 343
211 378
211 450
211 457
211 458
211 459
211 461
211 473
211 495
211 531
211 612
211 645
211 683
211 687
211 699
211 719
211 761
211 799
211 821
211 834
211 840
211 868
211 869
211 874
211 896
211 901
211 934
211 957
211 961
211 967
211 981
211 998
211 1011
211 1063
211 1065
211 1101
211 1105
211 1116
211 1134
211 1159
211 1167
211 1195
211 1233
211 1248
211 1261
211 1275
211 1339
211 1346
211 1357
211 1366
211 1369
211 1381
211 1428
211 1447
211 1522
211 1524
211 1526
211 1596
211 1600
211 1642
211 1666
211 1673
211 1723
211 1743
211 1767
211 1777
211 1792
211 1797
226 239
226 243
226 292
226 312
226 343
226 378
226 450
226 457
226 458
226 459
226 461
226 473
226 495
226 531
226 612
226 645
226 683
226 687
226 699
226 719
226 761
226 799
226 821
226 834
226 840
226 868
226 869
226 874
226 896
226 901
226 934
226 957
226 961
226 967
226 981
226 998
226 1011
226 1063
226 1065
226 1101
226 1105
226 1116
226 1134
226 1159
226 1167
226 1195
226 1233
226 1248
226 1261
226 1275
226 1339
226 1346
226 1357
226 1366
226 1369
226 1381
226 1428
226 1447
226 1522
226 1524
226 1526
226 1596
226 1600
226 1642
226 1666
226 1673
226 1723
226 1743
226 1767
226 1777
226 1792
226 1797
239 243
239 292
239 312
239 343
239 378
239 450
239 457
239 458
239 459
239 461
239 473
239 495
239 531
239 612
239 645
239 683
239 687
239 699
239 719
239 761
239 799
239 821
239 834
239 840
239 868
239 869
239 874
239 896
239 901
239 934
239 957
239 961
239 967
239 981
239 998
239 1011
239 1063
239 1065
239 1101
239 1105
239 1116
239 1134
239 1159
239 1167
239 1195
239 1233
239 1248
239 1261
239 1275
239 1339
239 1346
239 1357
239 1366
239 1369
239 1381
239 1428
239 1447
239 1522
239 1524
239 1526
239 1596
239 1600
239 1642
239 1666
239 1673
239 1723
239 1743
239 1767
239 1777
239 1792
239 1797
243 292
243 312
243 343
243 378
243 450
243 457
243 458
243 459
243 461
243 473
243 495
243 531
243 612
243 645
243 683
243 687
243 699
243 719
243 761
243 799
243 821
243 834
243 840
243 868
243 869
243 874
243 896
243 901
243 934
243 957
243 961
243 967
243 981
243 998
243 1011
243 1063
243 1065
243 1101
243 1105
243 1116
243 1134
243 1159
243 1167
243 1195
243 1233
243 1248
243 1261
243 1275
243 1339
243 1346
243 1357
243 1366
243 1369
243 1381
243 1428
243 1447
243 1522
243 1524
243 1526
243 1596
243 1600
243 1642
243 1666
243 1673
243 1723
243 1743
243 1767
243 1777
243 1792
243 1797
292 312
292 343
292 378
292 450
292 457
292 458
292 459
292 461
292 473
292 495
292 531
292 612
292 645
292 683
292 687
292 699
292 719
292 761
292 799
292 821
292 834
292 840
292 868
292 869
292 874
292 896
292 901
292 934
292 957
292 961
292 967
292 981
292 998
292 1011
292 1063
292 1065
292 1101
292 1105
292 1116
292 1134
292 1159
292 1167
292 1195
292 1233
292 1248
292 1261
292 1275
292 1339
292 1346
292 1357
292 1366
292 1369
292 1381
292 1428
292 1447
292 1522
292 1524
292 1526
292 1596
292 1600
292 1642
292 1666
292 1673
292 1723
292 1743
292 1767
292 1777
292 1792
292 1797
312 343
312 378
312 450
312 457
312 458
312 459
312 461
312 473
312 495
312 531
312 612
312 645
312 683
312 687
312 699
312 719
312 761
312 799
312 821
312 834
312 840
312 868
312 869
312 874
312 896
312 901
312 934
312 957
312 961
312 967
312 981
312 998
312 1011
312 1063
312 1065
312 1101
312 1105
312 1116
312 1134
312 1159
312 1167
312 1195
312 1233
312 1248
312 1261
312 1275
312 1339
312 1346
312 1357
312 1366
312 1369
312 1381
312 1428
312 1447
312 1522
312 1524
312 1526
312 1596
312 1600
312 1642
312 1666
312 1673
312 1723
312 1743
312 1767
312 1777
312 1792
312 1797
343 378
343 450
343 457
343 458
343 459
343 461
343 473
343 495
343 531
343 612
343 645
343 683
343 687
343 699
343 719
343 761
343 799
343 821
343 834
343 840
343 868
343 869
343 874
343 896
343 901
343 934
343 957
343 961
343 967
343 981
343 998
343 1011
343 1063
343 1065
343 1101
343 1105
343 1116
343 1134
343 1159
343 1167
343 1195
343 1233
343 1248
343 1261
343 1275
343 1339
343 1346
343 1357
343 1366
343 1369
343 1381
343 1428
343 1447
343 1522
343 1524
343 1526
343 1596
343 1600
343 1642
343 1666
343 1673
343 1723
343 1743
343 1767
343 1777
343 1792
343 1797
378 450
378 457
378 458
378 459
378 461
378 473
378 495
378 531
378 612
378 645
378 683
378 687
378 699
378 719
378 761
378 799
378 821
378 834
378 840
378 868
378 869
378 874
378 896
378 901
378 934
378 957
378 961
378 967
378 981
378 998
378 1011
378 1063
378 1065
378 1101
378 1105
378 1116
378 1134
378 1159
378 1167
378 1195
378 1233
378 1248
378 1261
378 1275
378 1339
378 1346
378 1357
378 1366
378 1369
378 1381
378 1428
378 1447
378 1522
378 1524
378 1526
378 1596
378 1600
378 1642
378 1666
378 1673
378 1723
378 1743
378 1767
378 1777
378 1792
378 1797
450 457
450 458
450 459
450 461
450 473
450 495
450 531
450 612
450 645
450 683
450 687
450 699
450 719
450 761
450 799
450 821
450 834
450 840
450 868
450 869
450 874
450 896
450 901
450 934
450 957
450 961
450 967
450 981
450 998
450 1011
450 1063
450 1065
450 1101
450 1105
450 1116
450 1134
450 1159
450 1167
450 1195
450 1233
450 1248
450 1261
450 1275
450 1339
450 1346
450 1357
450 1366
450 1369
450 1381
450 1428
450 1447
450 1522
450 1524
450 1526
450 1596
450 1600
450 1642
450 1666
450 1673
450 1723
450 1743
450 1767
450 1777
450 1792
450 1797
457 458
457 459
457 461
457 473
457 495
457 531
457 612
457 645
457 683
457 687
457 699
457 719
457 761
457 799
457 821
457 834
457 840
457 868
457 869
457 874
457 896
457 901
457 934
457 957
457 961
457 967
457 981
457 998
457 1011
457 1063
457 1065
457 1101
457 1105
457 1116
457 1134
457 1159
457 1167
457 1195
457 1233
457 1248
457 1261
457 1275
457 1339
457 1346
457 1357
457 1366
457 1369
457 1381
457 1428
457 1447
457 1522
457 1524
457 1526
457 1596
457 1600
457 1642
457 1666
457 1673
457 1723
457 1743
457 1767
457 1777
457 1792
457 1797
458 459
458 461
458 473
458 495
458 531
458 612
458 645
458 683
458 687
458 699
458 719
458 761
458 799
458 821
458 834
458 840
458 868
458 869
458 874
458 896
458 901
458 934
458 957
458 961
458 967
458 981
458 998
458 1011
458 1063
458 1065
458 1101
458 1105
458 1116
458 1134
458 1159
458 1167
458 1195
458 1233
458 1248
458 1261
458 1275
458 1339
458 1346
458 1357
458 1366
458 1369
458 1381
458 1428
458 1447
458 1522
458 1524
458 1526
458 1596
458 1600
458 1642
458 1666
458 1673
458 1723
458 1743
458 1767
458 1777
458 1792
458 1797
459 461
459 473
459 495
459 531
459 612
459 645
459 683
459 687
459 699
459 719
459 761
459 799
459 821
459 834
459 840
459 868
459 869
459 874
459 896
459 901
459 934
459 957
459 961
459 967
459 981
459 998
459 1011
459 1063
459 1065
459 1101
459 1105
459 1116
459 1134
459 1159
459 1167
459 1195
459 1233
459 1248
459 1261
459 1275
459 1339
459 1346
459 1357
459 1366
459 1369
459 1381
459 1428
459 1447
459 1522
459 1524
459 1526
459 1596
459 1600
459 1642
459 1666
459 1673
459 1723
459 1743
459 1767
459 1777
459 1792
459 1797
461 473
461 495
461 531
461 612
461 645
461 683
461 687
461 699
461 719
461 761
461 799
461 821
461 834
461 840
461 868
461 869
461 874
461 896
461 901
461 934
461 957
461 961
461 967
461 981
461 998
461 1011
461 1063
461 1065
461 1101
461 1105
461 1116
461 1134
461 1159
461 1167
461 1195
461 1233
461 1248
461 1261
461 1275
461 1339
461 1346
461 1357
461 1366
461 1369
461 1381
461 1428
461 1447
461 1522
461 1524
461 1526
461 1596
461 1600
461 1642
461 1666
461 1673
461 1723
461 1743
461 1767
461 1777
461 1792
461 1797
473 495
473 531
473 612
473 645
473 683
473 687
473 699
473 719
473 761
473 799
473 821
473 834
473 840
473 868
473 869
473 874
473 896
473 901
473 934
473 957
473 961
473 967
473 981
473 998
473 1011
473 1063
473 1065
473 1101
473 1105
473 1116
473 1134
473 1159
473 1167
473 1195
473 1233
473 1248
473 1261
473 1275
473 1339
473 1346
473 1357
473 1366
473 1369
473 1381
473 1428
473 1447
473 1522
473 1524
473 1526
473 1596
473 1600
473 1642
473 1666
473 1673
473 1723
473 1743
473 1767
473 1777
473 1792
473 1797
495 531
495 612
495 645
495 683
495 687
495 699
495 719
495 761
495 799
495 821
495 834
495 840
495 868
495 869
495 874
495 896
495 901
495 934
495 957
495 961
495 967
495 981
495 998
495 1011
495 1063
495 1065
495 1101
495 1105
495 1116
495 1134
495 1159
495 1167
495 1195
495 1233
495 1248
495 1261
495 1275
495 1339
495 1346
495 1357
495 1366
495 1369
495 1381
495 1428
495 1447
495 1522
495 1524
495 1526
495 1596
495 1600
495 1642
495 1666
495 1673
495 1723
495 1743
495 1767
495 1777
495 1792
495 1797
531 612
531 645
531 683
531 687
531 699
531 719
531 761
531 799
531 821
531 834
531 840
531 868
531 869
531 874
531 896
531 901
531 934
531 957
531 961
531 967
531 981
531 998
531 1011
531 1063
531 1065
531 1101
531 1105
531 1116
531 1134
531 1159
531 1167
531 1195
531 1233
531 1248
531 1261
531 1275
531 1339
531 1346
531 1357
531 1366
531 1369
531 1381
531 1428
531 1447
531 1522
531 1524
531 1526
531 1596
531 1600
531 1642
531 1666
531 1673
531 1723
531 1743
531 1767
531 1777
531 1792
531 1797
612 645
612 683
612 687
612 699
612 719
612 761
612 799
612 821
612 834
612 840
612 868
612 869
612 874
612 896
612 901
612 934
612 957
612 961
612 967
612 981
612 998
612 1011
612 1063
612 1065
612 1101
612 1105
612 1116
612 1134
612 1159
612 1167
612 1195
612 1233
612 1248
612 1261
612 1275
612 1339
612 1346
612 1357
612 1366
612 1369
612 1381
612 1428
612 1447
612 1522
612 1524
612 1526
612 1596
612 1600
612 1642
612 1666
612 1673
612 1723
612 1743
612 1767
612 1777
612 1792
612 1797
645 683
645 687
645 699
645 719
645 761
645 799
645 821
645 834
645 840
645 868
645 869
645 874
645 896
645 901
645 934
645 957
645 961
645 967
645 981
645 998
645 1011
645 1063
645 1065
645 1101
645 1105
645 1116
645 1134
645 1159
645 1167
645 1195
645 1233
645 1248
645 1261
645 1275
645 1339
645 1346
645 1357
645 1366
645 1369
645 1381
645 1428
645 1447
645 1522
645 1524
645 1526
645 1596
645 1600
645 1642
645 1666
645 1673
645 1723
645 1743
645 1767
645 1777
645 1792
645 1797
683 687
683 699
683 719
683 761
683 799
683 821
683 834
683 840
683 868
683 869
683 874
683 896
683 901
683 934
683 957
683 961
683 967
683 981
683 998
683 1011
683 1063
683 1065
683 1101
683 1105
683 1116
683 1134
683 1159
683 1167
683 1195
683 1233
683 1248
683 1261
683 1275
683 1339
683 1346
683 1357
683 1366
683 1369
683 1381
683 1428
683 1447
683 1522
683 1524
683 1526
683 1596
683 1600
683 1642
683 1666
683 1673
683 1723
683 1743
683 1767
683 1777
683 1792
683 1797
687 699
687 719
687 761
687 799
687 821
687 834
687 840
687 868
687 869
687 874
687 896
687 901
687 934
687 957
687 961
687 967
687 981
687 998
687 1011
687 1063
687 1065
687 1101
687 1105
687 1116
687 1134
687 1159
687 1167
687 1195
687 1233
687 1248
687 1261
687 1275
687 1339
687 1346
687 1357
687 1366
687 1369
687 1381
687 1428
687 1447
687 1522
687 1524
687 1526
687 1596
687 1600
687 1642
687 1666
687 1673
687 1723
687 1743
687 1767
687 1777
687 1792
687 1797
699 719
699 761
699 799
699 821
699 834
699 840
699 868
699 869
699 874
699 896
699 901
699 934
699 957
699 961
699 967
699 981
699 998
699 1011
699 1063
699 1065
699 1101
699 1105
699 1116
699 1134
699 1159
699 1167
699 1195
699 1233
699 1248
699 1261
699 1275
699 1339
699 1346
699 1357
699 1366
699 1369
699 1381
699 1428
699 1447
699 1522
699 1524
699 1526
699 1596
699 1600
699 1642
699 1666
699 1673
699 1723
699 1743
699 1767
699 1777
699 1792
699 1797
719 761
719 799
719 821
719 834
719 840
719 868
719 869
719 874
719 896
719 901
719 934
719 957
719 961
719 967
719 981
719 998
719 1011
719 1063
719 1065
719 1101
719 1105
719 1116
719 1134
719 1159
719 1167
719 1195
719 1233
719 1248
719 1261
719 1275
719 1339
719 1346
719 1357
719 1366
719 1369
719 1381
719 1428
719 1447
719 1522
719 1524
719 1526
719 1596
719 1600
719 1642
719 1666
719 1673
719 1723
719 1743
719 1767
719 1777
719 1792
719 1797
761 799
761 821
761 834
761 840
761 868
761 869
761 874
761 896
761 901
761 934
761 957
761 961
761 967
761 981
761 998
761 1011
761 1063
761 1065
761 1101
761 1105
761 1116
761 1134
761 1159
761 1167
761 1195
761 1233
761 1248
761 1261
761 1275
761 1339
761 1346
761 1357
761 1366
761 1369
761 1381
761 1428
761 1447
761 1522
761 1524
761 1526
761 1596
761 1600
761 1642
761 1666
761 1673
761 1723
761 1743
761 1767
761 1777
761 1792
761 1797
799 821
799 834
799 840
799 868
799 869
799 874
799 896
799 901
799 934
799 957
799 961
799 967
799 981
799 998
799 1011
799 1063
799 1065
799 1101
799 1105
799 1116
799 1134
799 1159
799 1167
799 1195
799 1233
799 1248
799 1261
799 1275
799 1339
799 1346
799 1357
799 1366
799 1369
799 1381
799 1428
799 1447
799 1522
799 1524
799 1526
799 1596
799 1600
799 1642
799 1666
799 1673
799 1723
799 1743
799 1767
799 1777
799 1792
799 1797
821 834
821 840
821 868
821 869
821 874
821 896
821 901
821 934
821 957
821 961
821 967
821 981
821 998
821 1011
821 1063
821 1065
821 1101
821 1105
821 1116
821 1134
821 1159
821 1167
821 1195
821 1233
821 1248
821 1261
821 1275
821 1339
821 1346
821 1357
821 1366
821 1369
821 1381
821 1428
821 1447
821 1522
821 1524
821 1526
821 1596
821 1600
821 1642
821 1666
821 1673
821 1723
821 1743
821 1767
821 1777
821 1792
821 1797
834 840
834 868
834 869
834 874
834 896
834 901
834 934
834 957
834 961
834 967
834 981
834 998
834 1011
834 1063
834 1065
834 1101
834 1105
834 1116
834 1134
834 1159
834 1167
834 1195
834 1233
834 1248
834 1261
834 1275
834 1339
834 1346
834 1357
834 1366
834 1369
834 1381
834 1428
834 1447
834 1522
834 1524
834 1526
834 1596
834 1600
834 1642
834 1666
834 1673
834 1723
834 1743
834 1767
834 1777
834 1792
834 1797
840 868
840 869
840 874
840 896
840 901
840 934
840 957
840 961
840 967
840 981
840 998
840 1011
840 1063
840 1065
840 1101
840 1105
840 1116
840 1134
840 1159
840 1167
840 1195
840 1233
840 1248
840 1261
840 1275
840 1339
840 1346
840 1357
840 1366
840 1369
840 1381
840 1428
840 1447
840 1522
840 1524
840 1526
840 1596
840 1600
840 1642
840 1666
840 1673
840 1723
840 1743
840 1767
840 1777
840 1792
840 1797
868 869
868 874
868 896
868 901
868 934
868 957
868 961
868 967
868 981
868 998
868 1011
868 1063
868 1065
868 1101
868 1105
868 1116
868 1134
868 1159
868 1167
868 1195
868 1233
868 1248
868 1261
868 1275
868 1339
868 1346
868 1357
868 1366
868 1369
868 1381
868 1428
868 1447
868 1522
868 1524
868 1526
868 1596
868 1600
868 1642
868 1666
868 1673
868 1723
868 1743
868 1767
868 1777
868 1792
868 1797
869 874
869 896
869 901
869 934
869 957
869 961
869 967
869 981
869 998
869 1011
869 1063
869 1065
869 1101
869 1105
869 1116
869 1134
869 1159
869 1167
869 1195
869 1233
869 1248
869 1261
869 1275
869 1339
869 1346
869 1357
869 1366
869 1369
869 1381
869 1428
869 1447
869 1522
869 1524
869 1526
869 1596
869 1600
869 1642
869 1666
869 1673
869 1723
869 1743
869 1767
869 1777
869 1792
869 1797
874 896
874 901
874 934
874 957
874 961
874 967
874 981
874 998
874 1011
874 1063
874 1065
874 1101
874 1105
874 1116
874 1134
874 1159
874 1167
874 1195
874 1233
874 1248
874 1261
874 1275
874 1339
874 1346
874 1357
874 1366
874 1369
874 1381
874 1428
874 1447
874 1522
874 1524
874 1526
874 1596
874 1600
874 1642
874 1666
874 1673
874 1723
874 1743
874 1767
874 1777
874 1792
874 1797
896 901
896 934
896 957
896 961
896 967
896 981
896 998
896 1011
896 1063
896 1065
896 1101
896 1105
896 1116
896 1134
896 1159
896 1167
896 1195
896 1233
896 1248
896 1261
896 1275
896 1339
896 1346
896 1357
896 1366
896 1369
896 1381
896 1428
896 1447
896 1522
896 1524
896 1526
896 1596
896 1600
896 1642
896 1666
896 1673
896 1723
896 1743
896 1767
896 1777
896 1792
896 1797
901 934
901 957
901 961
901 967
901 981
901 998
901 1011
901 1063
901 1065
901 1101
901 1105
901 1116
901 1134
901 1159
901 1167
901 1195
901 1233
901 1248
901 1261
901 1275
901 1339
901 1346
901 1357
901 1366
901 1369
901 1381
901 1428
901 1447
901 1522
901 1524
901 1526
901 1596
901 1600
901 1642
901 1666
901 1673
901 1723
901 1743
901 1767
901 1777
901 1792
901 1797
934 957
934 961
934 967
934 981
934 998
934 1011
934 1063
934 1065
934 1101
934 1105
934 1116
934 1134
934 1159
934 1167
934 1195
934 1233
934 1248
934 1261
934 1275
934 1339
934 1346
934 1357
934 1366
934 1369
934 1381
934 1428
934 1447
934 1522
934 1524
934 1526
934 1596
934 1600
934 1642
934 1666
934 1673
934 1723
934 1743
934 1767
934 1777
934 1792
934 1797
957 961
957 967
957 981
957 998
957 1011
957 1063
957 1065
957 1101
957 1105
957 1116
957 1134
957 1159
957 1167
957 1195
957 1233
957 1248
957 1261
957 1275
957 1339
957 1346
957 1357
957 1366
957 1369
957 1381
957 1428
957 1447
957 1522
957 1524
957 1526
957 1596
957 1600
957 1642
957 1666
957 1673
957 1723
957 1743
957 1767
957 1777
957 1792
957 1797
961 967
961 981
961 998
961 1011
961 1063
961 1065
961 1101
961 1105
961 1116
961 1134
961 1159
961 1167
961 1195
961 1233
961 1248
961 1261
961 1275
961 1339
961 1346
961 1357
961 1366
961 1369
961 1381
961 1428
961 1447
961 1522
961 1524
961 1526
961 1596
961 1600
961 1642
961 1666
961 1673
961 1723
961 1743
961 1767
961 1777
961 1792
961 1797
967 981
967 998
967 1011
967 1063
967 1065
967 1101
967 1105
967 1116
967 1134
967 1159
967 1167
967 1195
967 1233
967 1248
967 1261
967 1275
967 1339
967 1346
967 1357
967 1366
967 1369
967 1381
967 1428
967 1447
967 1522
967 1524
967 1526
967 1596
967 1600
967 1642
967 1666
967 1673
967 1723
967 1743
967 1767
967 1777
967 1792
967 1797
981 998
981 1011
981 1063
981 1065
981 1101
981 1105
981 1116
981 1134
981 1159
981 1167
981 1195
981 1233
981 1248
981 1261
981 1275
981 1339
981 1346
981 1357
981 1366
981 1369
981 1381
981 1428
981 1447
981 1522
981 1524
981 1526
981 1596
981 1600
981 1642
981 1666
981 1673
981 1723
981 1743
981 1767
981 1777
981 1792
981 1797
998 1011
998 1063
998 1065
998 1101
998 1105
998 1116
998 1134
998 1159
998 1167
998 1195
998 1233
998 1248
998 1261
998 1275
998 1339
998 1346
998 1357
998 1366
998 1369
998 1381
998 1428
998 1447
998 1522
998 1524
998 1526
998 1596
998 1600
998 1642
998 1666
998 1673
998 1723
998 1743
998 1767
998 1777
998 1792
998 1797
1011 1063
1011 1065
1011 1101
1011 1105
1011 1116
1011 1134
1011 1159
1011 1167
1011 1195
1011 1233
1011 1248
1011 1261
1011 1275
1011 1339
1011 1346
1011 1357
1011 1366
1011 1369
1011 1381
1011 1428
1011 1447
1011 1522
1011 1524
1011 1526
1011 1596
1011 1600
1011 1642
1011 1666
1011 1673
1011 1723
1011 1743
1011 1767
1011 1777
1011 1792
1011 1797
1063 1065
1063 1101
1063 1105
1063 1116
1063 1134
1063 1159
1063 1167
1063 1195
1063 1233
1063 1248
1063 1261
1063 1275
1063 1339
1063 1346
1063 1357
1063 1366
1063 1369
1063 1381
1063 1428
1063 1447
1063 1522
1063 1524
1063 1526
1063 1596
1063 1600
1063 1642
1063 1666
1063 1673
1063 1723
1063 1743
1063 1767
1063 1777
1063 1792
1063 1797
1065 1101
1065 1105
1065 1116
1065 1134
1065 1159
1065 1167
1065 1195
1065 1233
1065 1248
1065 1261
1065 1275
1065 1339
1065 1346
1065 1357
1065 1366
1065 1369
1065 1381
1065 1428
1065 1447
1065 1522
1065 1524
1065 1526
1065 1596
1065 1600
1065 1642
1065 1666
1065 1673
1065 1723
1065 1743
1065 1767
1065 1777
1065 1792
1065 1797
1101 1105
1101 1116
1101 1134
1101 1159
1101 1167
1101 1195
1101 1233
1101 1248
1101 1261
1101 1275
1101 1339
1101 1346
1101 1357
1101 1366
1101 1369
1101 1381
1101 1428
1101 1447
1101 1522
1101 1524
1101 1526
1101 1596
1101 1600
1101 1642
1101 1666
1101 1673
1101 1723
1101 1743
1101 1767
1101 1777
1101 1792
1101 1797
1105 1116
1105 1134
1105 1159
1105 1167
1105 1195
1105 1233
1105 1248
1105 1261
1105 1275
1105 1339
1105 1346
1105 1357
1105 1366
1105 1369
1105 1381
1105 1428
1105 1447
1105 1522
1105 1524
1105 1526
1105 1596
1105 1600
1105 1642
1105 1666
1105 1673
1105 1723
1105 1743
1105 1767
1105 1777
1105 1792
1105 1797
1116 1134
1116 1159
1116 1167
1116 1195
1116 1233
1116 1248
1116 1261
1116 1275
1116 1339
1116 1346
1116 1357
1116 1366
1116 1369
1116 1381
1116 1428
1116 1447
1116 1522
1116 1524
1116 1526
1116 1596
1116 1600
1116 1642
1116 1666
1116 1673
1116 1723
1116 1743
1116 1767
1116 1777
1116 1792
1116 1797
1134 1159
1134 1167
1134 1195
1134 1233
1134 1248
1134 1261
1134 1275
1134 1339
1134 1346
1134 1357
1134 1366
1134 1369
1134 1381
1134 1428
1134 1447
1134 1522
1134 1524
1134 1526
1134 1596
1134 1600
1134 1642
1134 1666
1134 1673
1134 1723
1134 1743
1134 1767
1134 1777
1134 1792
1134 1797
1159 1167
1159 1195
1159 1233
1159 1248
1159 1261
1159 1275
1159 1339
1159 1346
1159 1357
1159 1366
1159 1369
1159 1381
1159 1428
1159 1447
1159 1522
1159 1524
1159 1526
1159 1596
1159 1600
1159 1642
1159 1666
1159 1673
1159 1723
1159 1743
1159 1767
1159 1777
1159 1792
1159 1797
1167 1195
1167 1233
1167 1248
1167 1261
1167 1275
1167 1339
1167 1346
1167 1357
1167 1366
1167 1369
1167 1381
1167 1428
1167 1447
1167 1522
1167 1524
1167 1526
1167 1596
1167 1600
1167 1642
1167 1666
1167 1673
1167 1723
1167 1743
1167 1767
1167 1777
1167 1792
1167 1797
1195 1233
1195 1248
1195 1261
1195 1275
1195 1339
1195 1346
1195 1357
1195 1366
1195 1369
1195 1381
1195 1428
1195 1447
1195 1522
1195 1524
1195 1526
1195 1596
1195 1600
1195 1642
1195 1666
1195 1673
1195 1723
1195 1743
1195 1767
1195 1777
1195 1792
1195 1797
1233 1248
1233 1261
1233 1275
1233 1339
1233 1346
1233 1357
1233 1366
1233 1369
1233 1381
1233 1428
1233 1447
1233 1522
1233 1524
1233 1526
1233 1596
1233 1600
1233 1642
1233 1666
1233 1673
1233 1723
1233 1743
1233 1767
1233 1777
1233 1792
1233 1797
1248 1261
1248 1275
1248 1339
1248 1346
1248 1357
1248 1366
1248 1369
1248 1381
1248 1428
1248 1447
1248 1522
1248 1524
1248 1526
1248 1596
1248 1600
1248 1642
1248 1666
1248 1673
1248 1723
1248 1743
1248 1767
1248 1777
1248 1792
1248 1797
1261 1275
1261 1339
1261 1346
1261 1357
1261 1366
1261 1369
1261 1381
1261 1428
1261 1447
1261 1522
1261 1524
1261 1526
1261 1596
1261 1600
1261 1642
1261 1666
1261 1673
1261 1723
1261 1743
1261 1767
1261 1777
1261 1792
1261 1797
1275 1339
1275 1346
1275 1357
1275 1366
1275 1369
1275 1381
1275 1428
1275 1447
1275 1522
1275 1524
1275 1526
1275 1596
1275 1600
1275 1642
1275 1666
1275 1673
1275 1723
1275 1743
1275 1767
1275 1777
1275 1792
1275 1797
1339 1346
1339 1357
1339 1366
1339 1369
1339 1381
1339 1428
1339 1447
1339 1522
1339 1524
1339 1526
1339 1596
1339 1600
1339 1642
1339 1666
1339 1673
1339 1723
1339 1743
1339 1767
1339 1777
1339 1792
1339 1797
1346 1357
1346 1366
1346 1369
1346 1381
1346 1428
1346 1447
1346 1522
1346 1524
1346 1526
1346 1596
1346 1600
1346 1642
1346 1666
1346 1673
1346 1723
1346 1743
1346 1767
1346 1777
1346 1792
1346 1797
1357 1366
1357 1369
1357 1381
1357 1428
1357 1447
1357 1522
1357 1524
1357 1526
1357 1596
1357 1600
1357 1642
1357 1666
1357 1673
1357 1723
1357 1743
1357 1767
1357 1777
1357 1792
1357 1797
1366 1369
1366 1381
1366 1428
1366 1447
1366 1522
1366 1524
1366 1526
1366 1596
1366 1600
1366 1642
1366 1666
1366 1673
1366 1723
1366 1743
1366 1767
1366 1777
1366 1792
1366 1797
1369 1381
1369 1428
1369 1447
1369 1522
1369 1524
1369 1526
1369 1596
1369 1600
1369 1642
1369 1666
1369 1673
1369 1723
1369 1743
1369 1767
1369 1777
1369 1792
1369 1797
1381 1428
1381 1447
1381 1522
1381 1524
1381 1526
1381 1596
1381 1600
1381 1642
1381 1666
1381 1673
1381 1723
1381 1743
1381 1767
1381 1777
1381 1792
1381 1797
1428 1447
1428 1522
1428 1524
1428 1526
1428 1596
1428 1600
1428 1642
1428 1666
1428 1673
1428 1723
1428 1743
1428 1767
1428 1777
1428 1792
1428 1797
1447 1522
1447 1524
1447 1526
1447 1596
1447 1600
1447 1642
1447 1666
1447 1673
1447 1723
1447 1743
1447 1767
1447 1777
1447 1792
1447 1797
1522 1524
1522 1526
1522 1596
1522 1600
1522 1642
1522 1666
1522 1673
1522 1723
1522 1743
1522 1767
1522 1777
1522 1792
1522 1797
1524 1526
1524 1596
1524 1600
1524 1642
1524 1666
1524 1673
1524 1723
1524 1743
1524 1767
1524 1777
1524 1792
1524 1797
1526 1596
1526 1600
1526 1642
1526 1666
1526 1673
1526 1723
1526 1743
1526 1767
1526 1777
1526 1792
1526 1797
1596 1600
1596 1642
1596 1666
1596 1673
1596 1723
1596 1743
1596 1767
1596 1777
1596 1792
1596 1797
1600 1642
1600 1666
1600 1673
1600 1723
1600 1743
1600 1767
1600 1777
1600 1792
1600 1797
1642 1666
1642 1673
1642 1723
1642 1743
1642 1767
1642 1777
1642 1792
1642 1797
1666 1673
1666 1723
1666 1743
1666 1767
1666 1777
1666 1792
1666 1797
1673 1723
1673 1743
1673 1767
1673 1777
1673 1792
1673 1797
1723 1743
1723 1767
1723 1777
1723 1792
1723 1797
1743 1767
1743 1777
1743 1792
1743 1797
1767 1777
1767 1792
1767 1797
1777 1792
1777 1797
1792 1797
